20 ns: 0 0 0000 0000 0000
60 ns: 1 1 0100 1100 1111
100 ns: 1 1 0100 1100 1111
140 ns: 1 1 0100 1100 1111
180 ns: 1 1 0100 1100 1111
220 ns: 1 1 0100 1100 1111
260 ns: 1 1 0100 1100 1111
300 ns: 1 1 0100 1100 1111
340 ns: 1 1 0100 1100 1111
380 ns: 1 1 0100 1100 1111
420 ns: 1 1 0100 1100 1111
460 ns: 1 1 0100 1100 1111
500 ns: 1 1 0100 1100 1111
540 ns: 1 1 0100 1100 1111
580 ns: 1 1 0100 1100 1111
620 ns: 1 1 0100 1100 1111
660 ns: 1 1 0100 1100 1111
700 ns: 1 1 0100 1100 1111
740 ns: 1 1 0100 1100 1111
780 ns: 1 1 0100 1100 1111
820 ns: 1 1 0100 1100 1111
860 ns: 1 1 0100 1100 1111
900 ns: 1 1 0100 1100 1111
940 ns: 1 1 0100 1100 1111
980 ns: 1 1 0100 1100 1111
